    minX
    {
        type            fixedValue;
        value           nonuniform List<vector>
        (
            (0.00089966  0.0  0.0)
            (0.0025005  0.0  0.0)
            (0.0041014  0.0  0.0)
            (0.0056616  0.0  0.0)
            (0.0071811  0.0  0.0)
            (0.0086642  0.0  0.0)
            (0.010111  0.0  0.0)
            (0.011524  0.0  0.0)
            (0.012904  0.0  0.0)
            (0.014252  0.0  0.0)
            (0.015569  0.0  0.0)
            (0.016856  0.0  0.0)
            (0.018113  0.0  0.0)
            (0.019342  0.0  0.0)
            (0.020542  0.0  0.0)
            (0.021715  0.0  0.0)
            (0.022861  0.0  0.0)
            (0.023981  0.0  0.0)
            (0.025074  0.0  0.0)
            (0.026142  0.0  0.0)
            (0.027185  0.0  0.0)
            (0.028203  0.0  0.0)
            (0.029197  0.0  0.0)
            (0.030168  0.0  0.0)
            (0.031115  0.0  0.0)
            (0.032039  0.0  0.0)
            (0.032941  0.0  0.0)
            (0.033821  0.0  0.0)
            (0.034679  0.0  0.0)
            (0.035515  0.0  0.0)
            (0.036331  0.0  0.0)
            (0.037125  0.0  0.0)
            (0.037899  0.0  0.0)
            (0.038653  0.0  0.0)
            (0.039386  0.0  0.0)
            (0.0401  0.0  0.0)
            (0.040794  0.0  0.0)
            (0.041468  0.0  0.0)
            (0.042124  0.0  0.0)
            (0.04276  0.0  0.0)
            (0.043377  0.0  0.0)
            (0.043975  0.0  0.0)
            (0.044554  0.0  0.0)
            (0.045115  0.0  0.0)
            (0.045656  0.0  0.0)
            (0.046179  0.0  0.0)
            (0.046684  0.0  0.0)
            (0.047169  0.0  0.0)
            (0.047636  0.0  0.0)
            (0.048085  0.0  0.0)
            (0.048514  0.0  0.0)
            (0.048926  0.0  0.0)
            (0.049318  0.0  0.0)
            (0.049692  0.0  0.0)
            (0.050047  0.0  0.0)
            (0.050384  0.0  0.0)
            (0.050702  0.0  0.0)
            (0.051002  0.0  0.0)
            (0.051283  0.0  0.0)
            (0.051547  0.0  0.0)
            (0.051792  0.0  0.0)
            (0.052019  0.0  0.0)
            (0.052228  0.0  0.0)
            (0.05242  0.0  0.0)
            (0.052594  0.0  0.0)
            (0.052752  0.0  0.0)
            (0.052893  0.0  0.0)
            (0.053018  0.0  0.0)
            (0.053127  0.0  0.0)
            (0.053221  0.0  0.0)
            (0.0533  0.0  0.0)
            (0.053365  0.0  0.0)
            (0.053417  0.0  0.0)
            (0.053456  0.0  0.0)
            (0.053482  0.0  0.0)
            (0.053498  0.0  0.0)
            (0.053503  0.0  0.0)
            (0.053499  0.0  0.0)
            (0.053486  0.0  0.0)
            (0.053465  0.0  0.0)
            (0.053437  0.0  0.0)
            (0.053404  0.0  0.0)
            (0.053365  0.0  0.0)
            (0.053324  0.0  0.0)
            (0.053278  0.0  0.0)
            (0.053232  0.0  0.0)
            (0.053183  0.0  0.0)
            (0.053136  0.0  0.0)
            (0.053088  0.0  0.0)
            (0.053043  0.0  0.0)
            (0.052999  0.0  0.0)
            (0.052959  0.0  0.0)
            (0.052922  0.0  0.0)
            (0.05289  0.0  0.0)
            (0.052861  0.0  0.0)
            (0.052838  0.0  0.0)
            (0.052819  0.0  0.0)
            (0.052805  0.0  0.0)
            (0.052796  0.0  0.0)
            (0.052787  0.0  0.0)
        );
    }
