    minX
    {
        type            fixedValue;
        value           nonuniform List<vector>
        (
            (0.0017001  0.0  0.0)
            (0.0049018  0.0  0.0)
            (0.0079408  0.0  0.0)
            (0.010834  0.0  0.0)
            (0.013594  0.0  0.0)
            (0.016228  0.0  0.0)
            (0.018742  0.0  0.0)
            (0.021143  0.0  0.0)
            (0.023434  0.0  0.0)
            (0.02562  0.0  0.0)
            (0.027706  0.0  0.0)
            (0.029694  0.0  0.0)
            (0.031589  0.0  0.0)
            (0.033392  0.0  0.0)
            (0.035108  0.0  0.0)
            (0.036738  0.0  0.0)
            (0.038286  0.0  0.0)
            (0.039753  0.0  0.0)
            (0.041141  0.0  0.0)
            (0.042451  0.0  0.0)
            (0.043685  0.0  0.0)
            (0.044844  0.0  0.0)
            (0.045927  0.0  0.0)
            (0.046936  0.0  0.0)
            (0.04787  0.0  0.0)
            (0.048729  0.0  0.0)
            (0.049514  0.0  0.0)
            (0.050225  0.0  0.0)
            (0.050861  0.0  0.0)
            (0.051424  0.0  0.0)
            (0.051914  0.0  0.0)
            (0.052333  0.0  0.0)
            (0.052681  0.0  0.0)
            (0.052963  0.0  0.0)
            (0.053181  0.0  0.0)
            (0.053339  0.0  0.0)
            (0.053442  0.0  0.0)
            (0.053496  0.0  0.0)
            (0.053505  0.0  0.0)
            (0.053479  0.0  0.0)
            (0.053423  0.0  0.0)
            (0.053346  0.0  0.0)
            (0.053256  0.0  0.0)
            (0.053159  0.0  0.0)
            (0.053065  0.0  0.0)
            (0.052978  0.0  0.0)
            (0.052904  0.0  0.0)
            (0.052847  0.0  0.0)
            (0.05281  0.0  0.0)
            (0.052791  0.0  0.0)
        );
    }
