    minX
    {
        type            fixedValue;
        value           nonuniform List<vector>
        (
            (0.0056596  0.0  0.0)
            (0.018449  0.0  0.0)
            (0.031238  0.0  0.0)
            (0.044313  0.0  0.0)
            (0.057674  0.0  0.0)
            (0.071258  0.0  0.0)
            (0.085065  0.0  0.0)
            (0.099047  0.0  0.0)
            (0.1132  0.0  0.0)
            (0.1275  0.0  0.0)
            (0.14193  0.0  0.0)
            (0.15647  0.0  0.0)
            (0.17111  0.0  0.0)
            (0.18582  0.0  0.0)
            (0.2006  0.0  0.0)
            (0.21543  0.0  0.0)
            (0.23029  0.0  0.0)
            (0.24517  0.0  0.0)
            (0.26005  0.0  0.0)
            (0.27491  0.0  0.0)
            (0.28975  0.0  0.0)
            (0.30453  0.0  0.0)
            (0.31926  0.0  0.0)
            (0.33389  0.0  0.0)
            (0.34844  0.0  0.0)
            (0.36287  0.0  0.0)
            (0.37717  0.0  0.0)
            (0.39132  0.0  0.0)
            (0.40531  0.0  0.0)
            (0.41912  0.0  0.0)
            (0.43274  0.0  0.0)
            (0.44614  0.0  0.0)
            (0.45933  0.0  0.0)
            (0.47227  0.0  0.0)
            (0.48496  0.0  0.0)
            (0.49739  0.0  0.0)
            (0.50954  0.0  0.0)
            (0.52141  0.0  0.0)
            (0.53298  0.0  0.0)
            (0.54424  0.0  0.0)
            (0.55518  0.0  0.0)
            (0.56581  0.0  0.0)
            (0.5761  0.0  0.0)
            (0.58606  0.0  0.0)
            (0.59568  0.0  0.0)
            (0.60495  0.0  0.0)
            (0.61388  0.0  0.0)
            (0.62247  0.0  0.0)
            (0.6307  0.0  0.0)
            (0.63859  0.0  0.0)
            (0.64612  0.0  0.0)
            (0.65331  0.0  0.0)
            (0.66016  0.0  0.0)
            (0.66667  0.0  0.0)
            (0.67285  0.0  0.0)
            (0.67869  0.0  0.0)
            (0.68421  0.0  0.0)
            (0.68942  0.0  0.0)
            (0.6943  0.0  0.0)
            (0.69889  0.0  0.0)
            (0.70318  0.0  0.0)
            (0.70719  0.0  0.0)
            (0.71091  0.0  0.0)
            (0.71437  0.0  0.0)
            (0.71756  0.0  0.0)
            (0.72051  0.0  0.0)
            (0.72321  0.0  0.0)
            (0.72568  0.0  0.0)
            (0.72793  0.0  0.0)
            (0.72997  0.0  0.0)
            (0.73181  0.0  0.0)
            (0.73346  0.0  0.0)
            (0.73493  0.0  0.0)
            (0.73623  0.0  0.0)
            (0.73736  0.0  0.0)
            (0.73836  0.0  0.0)
            (0.7392  0.0  0.0)
            (0.73992  0.0  0.0)
            (0.74052  0.0  0.0)
            (0.74101  0.0  0.0)
            (0.74139  0.0  0.0)
            (0.74169  0.0  0.0)
            (0.7419  0.0  0.0)
            (0.74204  0.0  0.0)
            (0.74211  0.0  0.0)
            (0.74212  0.0  0.0)
            (0.74209  0.0  0.0)
            (0.74201  0.0  0.0)
            (0.74191  0.0  0.0)
            (0.74178  0.0  0.0)
            (0.74163  0.0  0.0)
            (0.74147  0.0  0.0)
            (0.74131  0.0  0.0)
            (0.74115  0.0  0.0)
            (0.741  0.0  0.0)
            (0.74087  0.0  0.0)
            (0.74076  0.0  0.0)
            (0.74068  0.0  0.0)
            (0.74062  0.0  0.0)
            (0.74056  0.0  0.0)
        );
    }
