// Velocity, topAir
100
(
    (0.0017001  0.0  0.0)
    (0.0049018  0.0  0.0)
    (0.0079408  0.0  0.0)
    (0.010834  0.0  0.0)
    (0.013594  0.0  0.0)
    (0.016228  0.0  0.0)
    (0.018742  0.0  0.0)
    (0.021143  0.0  0.0)
    (0.023434  0.0  0.0)
    (0.02562  0.0  0.0)
    (0.027706  0.0  0.0)
    (0.029694  0.0  0.0)
    (0.031589  0.0  0.0)
    (0.033392  0.0  0.0)
    (0.035108  0.0  0.0)
    (0.036738  0.0  0.0)
    (0.038286  0.0  0.0)
    (0.039753  0.0  0.0)
    (0.041141  0.0  0.0)
    (0.042451  0.0  0.0)
    (0.043685  0.0  0.0)
    (0.044844  0.0  0.0)
    (0.045927  0.0  0.0)
    (0.046936  0.0  0.0)
    (0.04787  0.0  0.0)
    (0.048729  0.0  0.0)
    (0.049514  0.0  0.0)
    (0.050225  0.0  0.0)
    (0.050861  0.0  0.0)
    (0.051424  0.0  0.0)
    (0.051914  0.0  0.0)
    (0.052333  0.0  0.0)
    (0.052681  0.0  0.0)
    (0.052963  0.0  0.0)
    (0.053181  0.0  0.0)
    (0.053339  0.0  0.0)
    (0.053442  0.0  0.0)
    (0.053496  0.0  0.0)
    (0.053505  0.0  0.0)
    (0.053479  0.0  0.0)
    (0.053423  0.0  0.0)
    (0.053346  0.0  0.0)
    (0.053256  0.0  0.0)
    (0.053159  0.0  0.0)
    (0.053065  0.0  0.0)
    (0.052978  0.0  0.0)
    (0.052904  0.0  0.0)
    (0.052847  0.0  0.0)
    (0.05281  0.0  0.0)
    (0.052791  0.0  0.0) // splits to topAir below this
    (0.012054  0.0  0.0)
    (0.037633  0.0  0.0)
    (0.064355  0.0  0.0)
    (0.091968  0.0  0.0)
    (0.12028  0.0  0.0)
    (0.14915  0.0  0.0)
    (0.17843  0.0  0.0)
    (0.208  0.0  0.0)
    (0.23773  0.0  0.0)
    (0.26749  0.0  0.0)
    (0.29717  0.0  0.0)
    (0.32662  0.0  0.0)
    (0.35572  0.0  0.0)
    (0.38432  0.0  0.0)
    (0.41231  0.0  0.0)
    (0.43955  0.0  0.0)
    (0.46592  0.0  0.0)
    (0.49131  0.0  0.0)
    (0.51562  0.0  0.0)
    (0.53876  0.0  0.0)
    (0.56066  0.0  0.0)
    (0.58125  0.0  0.0)
    (0.60049  0.0  0.0)
    (0.61835  0.0  0.0)
    (0.63482  0.0  0.0)
    (0.64989  0.0  0.0)
    (0.66359  0.0  0.0)
    (0.67593  0.0  0.0)
    (0.68697  0.0  0.0)
    (0.69675  0.0  0.0)
    (0.70533  0.0  0.0)
    (0.71277  0.0  0.0)
    (0.71916  0.0  0.0)
    (0.72456  0.0  0.0)
    (0.72905  0.0  0.0)
    (0.73273  0.0  0.0)
    (0.73566  0.0  0.0)
    (0.73793  0.0  0.0)
    (0.73963  0.0  0.0)
    (0.74082  0.0  0.0)
    (0.74158  0.0  0.0)
    (0.742  0.0  0.0)
    (0.74214  0.0  0.0)
    (0.74207  0.0  0.0)
    (0.74185  0.0  0.0)
    (0.74155  0.0  0.0)
    (0.74123  0.0  0.0)
    (0.74093  0.0  0.0)
    (0.74071  0.0  0.0)
    (0.74059  0.0  0.0)
)
