// Points, topAir
50
(
    (0.0  0.0555  0.0005)
    (0.0  0.0565  0.0005)
    (0.0  0.0575  0.0005)
    (0.0  0.0585  0.0005)
    (0.0  0.0595  0.0005)
    (0.0  0.0605  0.0005)
    (0.0  0.0615  0.0005)
    (0.0  0.0625  0.0005)
    (0.0  0.0635  0.0005)
    (0.0  0.0645  0.0005)
    (0.0  0.0655  0.0005)
    (0.0  0.0665  0.0005)
    (0.0  0.0675  0.0005)
    (0.0  0.0685  0.0005)
    (0.0  0.0695  0.0005)
    (0.0  0.0705  0.0005)
    (0.0  0.0715  0.0005)
    (0.0  0.0725  0.0005)
    (0.0  0.0735  0.0005)
    (0.0  0.0745  0.0005)
    (0.0  0.0755  0.0005)
    (0.0  0.0765  0.0005)
    (0.0  0.0775  0.0005)
    (0.0  0.0785  0.0005)
    (0.0  0.0795  0.0005)
    (0.0  0.0805  0.0005)
    (0.0  0.0815  0.0005)
    (0.0  0.0825  0.0005)
    (0.0  0.0835  0.0005)
    (0.0  0.0845  0.0005)
    (0.0  0.0855  0.0005)
    (0.0  0.0865  0.0005)
    (0.0  0.0875  0.0005)
    (0.0  0.0885  0.0005)
    (0.0  0.0895  0.0005)
    (0.0  0.0905  0.0005)
    (0.0  0.0915  0.0005)
    (0.0  0.0925  0.0005)
    (0.0  0.0935  0.0005)
    (0.0  0.0945  0.0005)
    (0.0  0.0955  0.0005)
    (0.0  0.0965  0.0005)
    (0.0  0.0975  0.0005)
    (0.0  0.0985  0.0005)
    (0.0  0.0995  0.0005)
    (0.0  0.1005  0.0005)
    (0.0  0.1015  0.0005)
    (0.0  0.1025  0.0005)
    (0.0  0.1035  0.0005)
    (0.0  0.1045  0.0005)
)
